-0.24548,-0.25768,0.35499,-0.0040618,0.0025556,-0.012296
-0.22967,0.050978,0.4583,0.070783,-0.0094953,-0.16907
0.56029,-0.16459,0.22064,0.0020065,-0.025302,-0.08145
-0.099841,-0.44871,0.14559,-0.0045354,0.033814,-0.060642
0.4178,-1,-1,-0.71844,-0.063286,0.46159
-0.29072,-0.39256,-0.085934,0.0032209,-0.012526,0.00076657
0.45589,-0.26501,-0.125,-0.060763,0.0072597,0.026932
0.12542,0.4536,0.19288,-1,0.31095,0.052225
-0.00036613,0.011083,0.5074,3.9867e-006,2.8125e-005,9.2404e-005
-0.15078,0.31704,0.36213,-0.00027414,-0.00013105,-0.001697
-0.047347,0.032886,0.50931,0.012658,-0.0094804,-0.00095237
-0.27634,0.20147,0.35765,-0.0011091,-0.0012886,-0.0029605
-0.37486,-0.11286,0.30865,-0.0086638,-0.00075242,0.0096775
-0.33502,-0.30808,0.20786,0.0016302,0.002407,-0.014272
0.46944,-1,-1,0.29528,0.5066,0.13118
-0.15106,-0.36054,-0.37007,0.12026,0.1613,0.21244
-0.16055,-0.022551,0.47578,0.00012328,0.0022883,-0.013322
-0.0003896,0.011147,0.50374,-1.3584e-006,1.2412e-005,4.5009e-005
-0.4098,-0.81163,0.6837,0.038188,0.016199,-0.23305
0.064171,0.221,0.4204,-0.025596,-0.0017756,-0.012536
0.14365,0.22133,0.26297,0.44182,-0.27912,0.11364
-0.27998,-0.35993,-0.24031,0.054003,0.087366,0.098483
-1,0.64424,-0.39668,0.54912,0.1123,0.42593
-0.32621,-0.22276,-0.19617,0.027064,0.038775,-0.35369
-0.38727,0.25367,0.18546,-0.00074597,0.00181,0.0029665
-0.43122,-0.73759,-0.12898,0.47369,0.030798,-0.12126
-0.0041569,-0.31552,0.40675,-0.016988,-0.035319,0.038117
-0.18477,0.53276,-0.10308,0.064959,-0.045526,0.33421
-0.036858,-0.0060795,-0.55637,0.14697,0.030758,0.7971
-0.030918,-0.069495,0.49738,0.00068837,-0.0026778,-0.0015724
-0.38472,0.15158,0.14613,0.05673,0.093232,-0.42784
-0.042055,-0.076564,-0.49393,-0.031055,-0.013157,-0.050869
-0.067784,-0.18761,0.41844,-0.18355,-0.00096879,-0.44193
0.0027154,0.12006,0.45615,-0.036963,-0.073012,-0.24291
-0.11193,-0.56668,0.12959,-0.070111,0.0044827,-0.73579
-0.18342,0.40169,0.24471,6.4722e-005,0.00058636,-0.0017341
-0.29353,-0.68484,0.12437,0.21889,-0.054169,0.58722
0.13151,-0.35769,-0.35599,-0.027553,-0.029218,0.040555
0.1683,0.068987,0.32202,-0.3355,0.25474,0.24762
-0.23439,-0.27037,0.21514,0.0038477,-0.095792,0.41201
-0.20273,-0.10712,-0.49761,0.0043467,0.00065454,0.07708
-0.18048,0.44527,0.13985,-0.00051468,-0.00097478,-0.00045681
0.06953,-0.48244,0.015383,-0.038017,0.01515,0.0031688
-0.037254,-0.19422,0.45647,0.019811,0.0065468,-0.0091319
-0.27667,-0.33001,0.25997,0.0012841,-0.00033644,0.001636
-0.49242,-0.1109,0.0094324,0.0042347,0.018025,0.030284
0.99121,-1,-1,-0.65589,-1,-0.84894
-0.070209,-0.47801,-0.14892,0.013564,0.0067214,0.025327
0.1857,-0.071552,0.45828,-0.0018002,-0.0010672,-0.0034931
-0.28578,-0.36883,0.12822,0.0096566,0.023984,-0.0031895
